6 13 1 2
54 14 1 1
66 5 1 1
40 17 1 1
23 18 1 1
38 0 3 1
31 10 1 1
48 10 3 1
64 13 1 1
68 9 1 1
50 14 1 1
52 0 1 6
62 3 1 1
22 10 1 1
35 15 1 2
19 18 1 1
8 12 1 1
35 1 1 1
61 12 1 1
59 6 1 1
30 15 1 1
63 12 1 1
47 16 1 1
3 10 1 4
7 6 1 1
20 6 1 3
38 5 1 1
41 14 3 1
23 16 1 1
44 3 1 1
2 5 7 1
36 7 5 1
8 17 1 1
58 15 1 1
33 1 3 1
59 11 1 1
43 3 1 3
14 8 1 1
63 9 1 1
5 18 1 1
62 16 1 1
41 12 1 1
28 19 1 1
63 8 1 3
57 17 1 1
63 2 1 1
20 6 1 1
29 13 1 3
50 12 1 3
60 13 1 1
13 1 7 1
22 19 1 1
3 9 1 3
47 9 3 1
8 5 5 1
7 18 1 1
20 17 1 1
34 12 1 3
13 12 1 1
14 4 1 1
36 19 1 1
3 13 5 1
53 17 1 1
15 15 1 1
9 5 8 1
47 2 2 1
31 5 2 2
59 7 1 1
24 3 1 1
3 18 1 2
12 17 2 1
60 9 1 1
33 17 1 3
15 12 1 3
41 6 1 1
20 13 1 1
32 0 9 1
10 5 5 1
19 6 5 1
67 0 1 1
64 10 1 1
69 1 1 1
4 3 2 3
69 6 1 1
12 3 3 2
58 0 1 1
57 17 3 1
49 3 1 3
64 12 1 1
8 6 1 7
40 15 1 1
34 15 1 1
48 1 5 1
56 2 4 1
7 13 1 4
60 12 7 1
33 11 1 2
51 1 5 1
10 2 3 1
52 18 1 1
69 14 1 1
12 1 1 9
45 14 1 3
5 15 1 5
49 12 1 2
17 6 2 1
43 3 1 5
31 17 3 2
29 18 5 1
46 10 3 1
10 18 1 1
49 12 5 1
18 2 1 3
41 19 1 1
59 1 1 4
25 11 1 1
48 15 1 1
47 18 1 1
45 12 1 1
42 5 3 1
24 9 1 4
6 4 3 1
38 0 1 4
55 5 1 2
23 17 1 1
32 1 7 1
62 8 3 1
26 2 6 1
31 5 1 6
18 7 1 3
40 6 3 1
38 5 7 1
23 15 1 1
21 12 1 1
64 17 1 1
52 0 1 10
18 19 1 1
30 2 3 6
33 4 1 9
62 18 1 1
24 4 1 3
63 4 1 1
35 15 3 1
68 16 1 1
20 0 1 3
51 18 1 1
21 6 2 3
38 11 4 1
37 19 1 1
29 11 2 1
18 2 3 1
69 5 1 1
44 10 1 1
55 1 1 4
18 2 5 2
61 8 5 1
61 14 1 2
12 2 12 1
41 6 8 1
21 11 7 1
12 19 1 1
48 8 1 5
58 12 5 1
55 14 1 2
44 3 5 1
66 12 1 3
51 17 1 3
27 9 7 1
14 14 4 2
67 9 1 1
28 9 3 4
56 0 3 3
62 5 5 1
68 0 2 3
68 4 1 1
67 2 2 2
52 10 1 1
62 19 1 1
58 4 1 1
33 7 3 1
65 19 1 1
20 11 1 3
35 1 7 1
32 13 5 1
65 0 1 1
60 18 1 1
34 17 2 1
48 2 4 3
12 15 2 5
42 14 3 1
17 1 1 4
66 11 1 1
34 17 6 1
45 15 5 1
13 13 1 1
13 8 12 1
44 9 4 2
10 0 10 3
14 3 20 1
8 4 7 2
23 1 1 1
13 1 5 3
60 10 1 3
58 12 1 5
67 2 1 9
69 13 1 1
7 15 9 2
53 12 9 1
47 5 1 5
12 1 8 2
59 19 1 1
54 13 3 3
19 18 3 1
63 6 1 2
41 8 1 4
67 1 1 9
25 3 22 1
7 4 2 14
37 10 8 1
14 5 1 5
1 0 34 1
67 17 1 1
45 13 2 4
64 3 6 1
66 0 1 3
53 14 1 2
48 0 2 8
29 14 1 6
18 10 33 1
39 15 1 1
4 11 4 3
42 7 1 1
51 17 3 3
54 7 1 3
50 8 14 1
57 10 1 3
64 18 1 2
12 2 21 1
69 19 1 1
62 14 1 3
28 9 3 1
39 5 5 5
63 9 2 1
65 2 1 9
52 7 4 4
67 15 1 5
10 18 19 1
48 17 2 1
42 12 3 1
5 2 22 1
38 15 16 1
22 12 1 2
28 17 8 1
59 16 2 2
49 1 3 6
58 3 4 1
14 8 3 6
3 1 8 1
60 18 10 2
52 19 9 1
68 1 2 4
16 14 4 4
48 11 1 1
30 13 1 7
47 12 1 2
55 16 15 1
13 13 9 1
53 14 7 1
69 7 1 3
13 9 2 6
33 19 5 1
51 8 3 4
56 18 4 2
69 10 1 5
14 16 11 1
6 3 6 1
64 13 3 7
64 10 3 7
60 15 1 5
65 8 1 11
3 9 1 11
41 18 24 1
12 8 6 6
18 8 31 3
9 11 4 6
18 19 13 1
28 12 10 4
65 15 5 2
5 15 31 2
45 3 1 16
23 2 42 2
40 10 4 5
55 15 1 3
64 10 5 10
8 7 9 9
69 16 1 2
41 8 19 5
65 4 5 13
4 5 15 12
46 10 3 5
59 17 6 1
54 3 14 4
39 4 21 2
28 17 13 3
22 15 1 5
24 13 29 3
41 14 23 2
14 16 5 1
44 16 5 1
20 6 23 3
22 15 6 3
33 5 6 4
51 18 12 1
54 8 8 10
34 4 9 0
21 17 48 1
40 10 4 5
26 5 0 2
62 13 8 7
19 0 46 0
52 17 18 2
53 0 3 17
7 7 22 12
31 5 8 12
34 13 11 1
50 1 5 17
55 10 5 7
18 15 7 0
10 20 51 0
4 0 34 10
63 2 7 10
65 8 2 4
53 5 1 11
56 10 3 9
12 6 13 11
32 0 18 10
54 14 9 5
39 15 21 1
16 11 9 4
54 3 4 15
48 2 11 8
20 2 47 16
61 20 6 0
46 10 4 5
18 1 2 15
63 8 5 12
51 1 0 2
34 18 13 1
59 9 9 9
8 16 20 3
64 15 6 5
24 1 41 18
60 10 8 6
19 3 1 16
42 13 3 0
20 2 22 5
53 13 16 6
14 2 16 7
64 6 1 2
33 3 13 17
66 7 2 8
9 10 37 0
33 11 9 3
15 8 27 11
54 15 5 3
39 6 19 2
58 0 7 9
46 19 10 1
38 4 29 6
67 7 0 7
48 5 6 12
42 16 11 0
56 13 5 2
15 2 24 11
50 4 18 7
5 20 27 0
33 11 26 6
17 2 1 6
24 17 40 0
11 0 12 2
58 1 2 14
53 0 16 12
39 9 23 4
19 17 40 3
36 19 18 1
63 16 6 0
64 2 5 7
1 10 21 1
16 18 8 0
67 20 0 0
20 7 26 0
15 17 1 1
29 12 19 3
33 0 15 13
46 10 3 1
10 1 5 1
34 2 13 8
25 4 7 2
31 6 19 2
12 2 38 15
61 20 7 0
45 4 3 15
69 7 0 13
69 0 1 12
65 6 1 3
3 13 3 5
42 7 24 13
42 1 24 4
24 18 33 0
43 5 21 9
37 5 0 3
6 11 25 0
68 11 0 7
59 20 6 0
49 4 2 10
35 0 7 7
34 5 1 3
51 17 6 3
46 1 2 2
49 9 18 10
16 12 54 4
5 14 21 3
67 13 2 6
62 7 1 4
67 20 0 0
10 7 15 6
49 11 8 4
24 16 11 3
7 10 39 10
12 17 54 3
31 5 36 6
29 0 14 0
13 3 50 2
33 7 3 9
46 13 22 3
60 20 5 0
14 11 16 4
34 12 36 0
29 11 27 5
13 12 41 4
69 6 1 12
22 5 30 7
65 1 5 8
3 17 63 2
51 10 8 0
65 7 0 0
60 10 10 6
18 8 38 3
68 6 1 13
0 15 32 0
55 0 6 20
3 9 60 5
8 3 12 14
55 14 0 4
37 18 3 0
1 2 5 4
66 10 2 3
39 1 29 5
34 18 1 0
62 13 5 7
60 13 8 6
41 7 11 3
56 6 3 0
45 19 15 0
29 0 6 13
0 4 23 13
9 1 27 13
70 19 0 0
65 14 2 3
66 8 0 3
45 19 24 1
2 4 65 13
1 17 59 1
36 7 19 2
11 10 27 8
25 14 3 6
28 19 10 1
63 2 7 15
12 15 16 3
17 8 8 11
2 4 17 13
29 17 20 0
36 6 7 10
17 20 42 0
12 12 16 1
18 3 46 6
12 4 57 3
21 3 32 9
37 12 17 6
48 2 15 4
45 6 21 4
26 6 3 9
4 16 56 4
56 7 6 10
0 9 51 10
51 18 5 1
59 11 7 1
18 18 35 1
36 9 4 5
38 0 6 10
9 6 28 8
15 1 16 14
13 3 6 12
44 5 8 9
35 10 14 8
20 16 3 1
29 13 29 1
19 1 39 14
9 13 30 7
67 14 0 1
67 18 1 1
60 6 7 0
24 8 6 7
53 1 5 0
2 4 27 3
39 1 20 13
42 3 12 6
2 14 9 3
66 1 4 9
1 16 66 0
0 16 44 2
52 2 2 18
65 19 1 0
50 20 3 0
4 14 61 2
64 5 3 4
30 20 19 0
4 1 57 4
5 16 43 3
64 0 6 0
4 12 41 0
28 16 36 3
47 7 22 13
17 12 4 4
21 10 36 4
3 0 13 0
33 11 8 6
20 5 3 12
40 19 14 1
23 3 2 11
4 14 33 5
32 13 6 7
27 14 21 2
66 9 0 5
67 13 0 2
35 17 7 1
61 10 8 2
40 20 15 0
59 2 2 12
69 10 0 1
59 15 4 0
59 8 4 12
18 3 20 12
42 1 26 3
52 5 6 15
38 10 32 7
6 2 58 11
54 6 12 3
52 11 6 9
49 4 16 15
4 2 15 8
46 12 15 7
61 14 5 2
49 10 6 7
65 9 5 3
16 14 20 3
31 15 10 5
12 3 22 4
61 12 5 4
42 19 13 0
7 17 16 0
42 16 11 4
15 3 28 3
62 5 5 15
34 7 29 8
20 12 20 1
15 5 9 6
10 18 6 2
67 14 1 2
47 20 14 0
55 18 9 1
37 14 20 0
63 13 1 4
27 4 19 7
46 2 1 14
45 20 17 0
64 13 5 2
58 18 0 0
29 19 27 0
46 18 24 1
20 6 32 9
57 10 3 4
56 3 6 4
59 10 5 9
62 2 0 0
63 0 3 20
20 6 13 11
29 11 31 5
17 12 27 7
70 12 0 8
59 11 9 6
46 2 18 11
22 4 43 5
5 12 62 4
70 15 0 0
32 11 9 3
47 5 11 15
32 7 30 2
22 10 5 8
36 10 6 7
5 12 16 2
62 1 8 1
23 17 27 2
0 15 67 3
37 3 6 7
50 20 17 0
45 14 22 3
1 14 3 5
33 9 29 3
59 11 8 6
13 5 34 12
47 15 23 0
11 8 43 4
56 19 9 1