1 0
2 0
3 0
10 0
21 0
22 0
33 0
34 0
38 0
3 1
13 1
14 1
17 1
20 1
48 1
50 1
52 1
68 1
4 2
12 2
14 2
18 2
26 2
33 2
59 2
66 2
32 3
49 3
7 4
12 4
47 4
59 4
2 5
3 5
6 5
9 5
31 5
43 5
52 5
58 5
62 5
12 6
20 6
23 6
39 6
12 7
18 7
24 7
29 7
30 7
39 7
40 7
29 8
43 8
58 8
67 8
27 9
28 9
33 9
47 9
1 10
2 10
14 10
33 10
37 10
49 10
56 10
3 11
8 11
13 11
15 11
23 11
48 11
24 12
28 12
34 12
15 13
32 13
37 13
46 13
56 13
12 14
14 14
29 14
31 14
42 14
24 15
43 15
14 16
16 16
19 16
45 16
56 16
4 17
11 18
14 18
5 19
13 19
33 19